=~=~=~=~=~=~=~=~=~=~=~= PuTTY log 2022.03.24 17:24:56 =~=~=~=~=~=~=~=~=~=~=~=
3F
46
3B
46
36
46
45
47
46
46
46
45
46
46
46
42
46
3F
46
3A
47
36
46
46
46
45
46
46
46
45
45
46
42
46
3D
46
3A
47
45
46
45
46
46
46
46
46
43
46
3F
46
3A
46
36
46
46
45
46
46
46
46
45
34
45
33
46
3D
46
39
31
46
45
31
46
46
46
46
46
45
46
45
41
47
3D
45
39
46
45
46
46
46
46
45
46
46
46
46
47
41
46
3C
36
46
46
46
47
46
46
46
46
46
47
42
46
3D
46
39
46
46
45
45
46
46
46
46
45
45
46
46
41
46
3D
45
39
46
46
46
46
46
45
45
46
46
46
46
46
40
46
3C
46
38
46
46
46
46
46
46
46
45
46
46
46
46
40
46
3B
46
37
45
46
47
45
46
46
46
46
47
45
43
46
3E
45
3B
47
36
45
46
46
45
46
45
46
46
46
3F
46
3C
46
37
31
46
46
46
46
46
46
46
47
46
45
47
3F
46
3B
47
36
46
46
46
46
45
45
47
46
45
46
43
45
3E
46
3A
46
45
46
45
46
46
45
47
45
46
46
46
42
46
3D
46
39
46
46
46
46
45
46
45
46
46
45
46
46
41
46
3D
46
39
47
46
46
46
46
45
45
46
46
46
46
46
40
46
3C
46
38
46
45
47
46
46
46
46
46
46
46
46
46
40
46
3C
46
38
46
46
46
45
45
46
46
46
46
45
46
47
3F
45
3B
46
37
46
46
45
46
46
47
46
45
46
46
43
47
3E
46
3A
46
36
46
45
46
46
46
46
46
46
46
45
42
46
3E
46
3A
46
46
46
46
46
46
45
46
46
46
46
46
42
46
3D
46
39
46
46
46
45
46
46
46
45
46
46
45
46
41
46
3D
45
38
46
46
46
46
45
46
46
46
46
47
46
46
40
46
3C
46
37
45
46
46
46
46
45
45
46
46
46
44
45
40
46
3B
46
37
46
47
45
46
46
46
46
46
45
45
43
46
3F
47
3A
46
36
46
46
46
46
46
47
46
45
47
46
43
46
3E
46
3A
45
46
46
46
46
46
45
46
46
46
46
46
42
45
3D
46
39
45
45
46
46
47
46
46
46
46
46
46
46
41
46
3D
45
38
45
46
46
46
46
46
46
46
46
46
46
45
40
45
3C
46
38
46
45
45
46
46
46
47
45
46
46
46
45
41
46
3B
45
37
47
44
46
46
45
46
47
46
46
45
46
46
3F
44
3B
46
36
46
46
46
46
46
46
46
45
46
46
43
46
3E
46
3A
46
45
45
46
46
46
46
46
47
45
46
46
42
46
3D
46
39
46
46
46
45
45
46
46
46
46
45
45
46
41
46
3C
46
38
46
46
46
46
46
45
46
46
46
46
46
46
40
46
3C
46
38
46
46
46
45
46
46
45
46
46
46
46
46
40
47
3C
46
37
46
46
46
46
46
46
46
46
46
46
43
46
3F
46
3A
45
36
46
46
46
46
45
46
45
46
46
46
43
46
3E
46
3A
46
45
46
46
46
46
46
45
46
46
46
46
42
46
3D
46
39
46
46
46
46
45
46
46
46
46
46
45
45
41
46
3D
46
38
46
46
46
46
46
46
46
46
46
46
45
46
41
46
3C
46
38
46
45
45
46
46
46
46
46
45
46
46
46
40
46
3B
46
37
46
46
46
45
45
46
46
46
45
45
43
47
3F
46
3B
46
36
45
46
46
45
46
46
46
46
46
46
42
47
3F
45
3A
46
36
46
46
45
46
46
46
45
46
46
46
42
46
3E
46
39
45
46
46
45
45
46
46
46
46
46
46
46
41
46
3D
45
39
46
46
45
46
46
46
46
46
46
46
46
46
40
45
3B
45
38
46
46
47
46
46
46
46
46
46
47
45
46
40
46
3C
45
36
46
45
46
45
45
46
47
46
46
46
43
46
3F
46
3B
46
37
46
46
46
46
46
46
46
46
46
46
43
46
3E
46
3A
46
36
45
45
46
46
46
46
46
46
46
46
42
46
3E
46
39
46
46
46
46
46
46
46
46
46
46
46
45
41
46
3D
46
39
46
46
46
46
46
46
46
46
46
46
46
46
40
45
3C
46
38
46
47
45
49
31
49
45
48
3F
38
44
47
46
46
46
45
45
46
46
41
46
3D
46
38
45
46
46
46
45
45
46
46
46
45
46
47
41
46
3C
45
38
45
46
46
46
46
46
46
45
46
46
46
46
40
46
3B
46
37
46
46
46
46
46
46
46
45
47
46
43
46
3F
46
3B
45
36
45
46
46
47
46
46
46
46
46
46
43
46
3E
46
3A
46
36
45
45
46
46
46
46
46
46
46
46
42
45
3E
45
39
46
46
46
46
47
46
46
46
46
46
45
46
41
46
3D
45
38
46
46
46
46
46
46
46
46
46
46
46
45
40
46
3C
46
38
46
46
46
46
46
46
46
45
46
46
46
46
3F
46
3B
46
37
46
46
46
46
46
46
46
45
46
46
43
46
3F
46
3A
46
36
46
46
47
45
46
46
46
46
46
46
42
46
3E
46
3A
45
36
46
46
46
46
46
45
45
45
46
46
41
46
3D
46
39
46
45
45
46
46
46
46
45
46
45
45
46
41
46
3D
45
38
46
46
46
45
46
45
46
46
46
46
45
46
40
46
3C
46
38
47
46
46
46
46
45
45
46
46
46
46
46
40
46
3B
46
37
46
45
45
46
46
46
46
46
45
46
43
46
3F
46
3B
46
36
46
46
46
45
45
46
46
46
46
45
42
46
3E
46
3A
46
45
46
46
46
46
45
47
45
45
45
46
42
46
3D
46
39
46
46
46
46
46
46
46
46
46
45
46
46
41
46
3D
46
38
46
46
46
46
46
46
46
46
46
46
46
46
40
46
3C
46
38
45
46
46
46
46
46
45
46
45
46
46
46
40
46
3B
46
37
46
46
45
46
46
46
46
46
46
47
43
46
3F
46
3B
45
36
46
46
46
45
45
46
46
46
46
46
42
46
3E
46
3B
47
45
46
46
45
45
