=~=~=~=~=~=~=~=~=~=~=~= PuTTY log 2022.03.25 14:25:36 =~=~=~=~=~=~=~=~=~=~=~=
47
47
37
47
3D
47
44
47
47
47
47
47
47
47
47
3B
47
41
47
47
47
47
47
47
47
47
38
47
3E
47
44
47
47
47
47
47
47
35
47
3C
47
42
47
47
47
47
47
47
47
47
39
47
3F
47
47
48
47
47
48
47
47
36
47
3C
47
42
47
47
47
47
47
47
47
47
3A
47
40
47
47
47
47
47
47
47
47
37
47
3D
47
43
47
47
47
47
47
47
47
47
3A
47
40
47
47
47
47
47
47
47
47
37
47
3D
47
44
47
47
48
47
47
47
35
47
3B
47
41
47
47
47
47
47
47
47
47
38
47
3E
47
47
47
47
47
47
47
47
36
47
3B
47
42
47
47
47
47
47
47
47
47
39
47
3F
47
47
47
47
47
47
47
47
36
47
3C
47
42
47
47
47
47
47
47
47
47
3A
47
40
47
47
47
47
47
47
47
47
37
47
3D
47
43
47
47
47
47
47
46
47
47
3A
47
40
47
47
47
47
47
47
47
47
38
47
3E
47
44
47
47
47
47
47
47
35
47
3B
47
41
47
47
47
47
47
47
47
47
39
47
3F
47
47
47
47
47
47
47
47
35
47
3C
46
42
47
47
47
47
47
47
47
47
39
48
40
47
47
47
47
47
47
47
47
36
47
3D
47
43
47
47
47
47
47
47
47
47
3A
47
40
47
48
47
47
47
47
47
47
37
47
3D
47
42
47
47
47
47
47
48
47
47
3B
47
41
47
47
47
47
47
47
47
47
38
47
3E
47
44
47
47
47
47
47
46
35
47
3B
47
42
47
47
47
47
47
47
47
47
39
48
3F
47
47
47
47
47
47
47
47
36
48
3C
47
42
47
47
47
47
47
47
46
47
39
47
3F
47
47
47
47
47
47
47
48
37
47
3D
47
43
48
47
47
47
47
48
47
47
3A
47
40
47
47
47
47
47
47
47
47
37
47
3E
47
44
48
47
47
47
47
47
35
47
3B
48
41
47
47
47
47
47
46
47
48
38
47
3E
47
44
47
47
47
47
48
47
35
47
3C
48
42
47
47
48
47
47
47
47
47
39
48
3F
47
47
47
47
47
47
47
47
36
47
3C
47
43
47
47
47
47
47
47
47
47
3A
47
40
47
47
47
47
47
47
47
47
37
48
3D
47
43
47
48
47
47
47
47
34
47
3B
47
41
47
46
48
47
47
47
46
47
38
46
3E
47
44
47
47
47
47
47
47
35
47
3B
47
41
47
47
47
47
47
47
47
47
38
47
3F
47
47
47
47
47
47
47
47
36
47
3C
47
42
47
46
46
47
47
46
47
47
39
47
40
47
47
47
48
47
47
47
47
37
47
3C
47
43
48
47
47
47
47
47
47
47
3A
48
40
47
47
47
47
47
47
47
47
37
47
3D
47
44
47
47
47
47
47
47
35
47
3B
47
41
48
47
48
47
47
47
47
46
38
46
3E
47
47
47
47
47
47
47
48
35
47
3C
47
42
47
47
47
47
47
47
46
47
39
48
3F
47
47
47
47
47
47
47
47
36
47
3C
47
42
47
46
47
47
47
47
47
47
39
47
3F
47
47
47
47
46
47
47
47
37
47
3C
47
43
46
47
47
46
47
47
47
47
3A
47
40
47
47
47
47
47
47
47
47
38
47
3E
47
44
47
47
47
47
47
48
35
47
3B
46
41
47
47
47
47
47
48
47
47
38
47
3E
47
47
47
47
47
47
47
47
35
47
3C
47
42
46
47
47
47
47
47
47
47
39
48
3F
47
47
47
47
47
47
47
47
36
47
3C
47
42
47
47
47
47
47
47
47
47
3A
47
40
47
47
47
47
47
47
47
47
37
47
3D
47
44
47
47
47
46
47
47
47
47
3A
47
41
47
48
47
47
47
47
47
47
38
47
3E
47
44
48
47
47
47
47
48
35
47
3B
47
41
47
47
47
48
47
47
48
47
38
47
3F
47
47
48
47
46
47
48
47
36
47
3C
48
42
47
47
47
47
47
47
47
48
39
47
3F
47
47
47
48
47
47
47
47
36
47
3D
47
43
48
47
47
47
46
47
47
47
3A
47
40