=~=~=~=~=~=~=~=~=~=~=~= PuTTY log 2022.03.25 14:53:29 =~=~=~=~=~=~=~=~=~=~=~=
46
46
46
46
42
46
3C
45
36
45
46
46
46
46
46
45
46
40
45
3A
45
46
46
46
46
46
45
46
45
45
3F
45
39
46
46
46
46
45
45
46
45
46
46
3D
46
37
46
46
46
46
46
45
46
46
41
46
3B
45
45
45
45
46
46
46
46
45
46
3F
45
39
46
45
46
46
46
46
46
46
45
45
3E
46
38
46
45
46
46
45
46
45
46
41
46
3C
46
36
45
45
45
46
45
45
46
46
40
46
3A
45
46
45
46
46
46
46
46
46
46
3E
47
39
45
45
46
45
46
46
45
45
42
45
3C
45
37
46
46
46
46
46
46
45
45
41
46
3B
46
46
46
46
45
46
46
46
46
46
3F
46
39
46
45
45
45
46
45
46
46
46
45
3D
46
37
46
45
46
46
46
46
45
46
41
46
3B
46
36
45
46
46
46
46
46
45
46
40
46
3A
46
46
46
45
46
45
45
45
46
46
3E
46
38
46
46
45
46
45
46
46
46
42
46
3C
46
36
45
46
46
45
46
46
46
46
40
45
3B
46
45
46
45
46
46
45
46
45
45
3F
45
39
46
46
46
46
46
45
45
45
43
46
3D
46
37
45
46
45
45
45
45
45
46
41
46
3B
46
46
45
45
46
45
46
46
46
46
3F
45
39
45
45
46
45
46
46
46
46
46
45
3D
46
38
46
46
46
46
46
46
45
45
42
46
3C
46
36
46
46
46
45
46
45
45
45
40
46
3A
46
46
46
45
45
46
46
46
46
46
3E
46
38
45
45
46
46
46
46
46
46
42
46
3D
46
37
45
46
46
46
45
47
45
45
40
46
3B
46
46
46
46
46
46
45
45
46
46
3F
46
39
46
46
45
46
46
46
46
46
46
46
3D
45
38
46
45
46
46
46
46
45
46
41
45
3C
46
45
46
46
46
46
45
46
45
45
40
46
3A
46
46
46
46
45
45
45
45
46
46
3E
46
38
46
46
46
46
46
46
46
46
42
46
3C
46
37
45
45
46
46
46
46
45
46
40
46
3B
46
46
46
46
46
46
46
45
46
46
3F
46
39
46
46
46
45
46
45
46
46
46
46
3D
45
37
45
45
46
46
46
46
46
46
41
45
3C
46
45
46
46
46
46
45
45
45
46
40
45
3A
46
46
46
46
46
46
45
45
46
46
3E
46
38
46
46
45
46
45
45
45
46
42
46
3C
46
36
46
45
45
46
46
46
46
46
40
46
3A
45
45
46
46
46
46
45
46
46
45
3E
45
39
46
45
46
46
46
46
45
45
42
45
3D
46
37
46
46
46
46
45
46
46
46
41
46
3B
46
46
45
46
46
45
46
46
46
46
3F
46
3A
45
45
45
46
46
46
46
46
45
46
3D
46
38
46
45
46
46
45
46
45
45
41
46
3C
46
36
46
46
46
46
45
46
46
46
40
46
3A
46
46
45
45
45
45
46
46
46
46
3E
45
38
45
45
46
46
46
46
46
45
42
46
3C
46
37
46
46
46
46
46
46
45
45
41
45
3B
46
46
46
46
45
45
46
45
45
46
3F
46
39
46
46
45
46
45
46
46
46
46
46
3D
46
37
45
46
46
45
46
46
46
46
41
45
3C
45
46
46
46
46
46
46
46
45
46
40
45
3A
46
46
46
46
46
46
45
45
46
45
3E
46
38
46
46
45
45
45
45
46
45
42
46
3C
46
36
46
46
46
45
46
46
46
46
40
45
3A
46
45
45
46
46
46
46
46
45
45
3E
46
39
46
46
46
46
46
45
46
45
43
46
3D
46
37
46
46
45
46
45
45
46
46
41
46
3B
46
46
45
45
46
45
46
46
46
46
3F
46
39
45
45
46
45
46
46
46
46
45
45
3D
45
38
46
46
46
46
46
46
45
45
42
46
3C
46
36
46
46
46
46
46
46
46
46
40
46
3A
46
46
45
45
46
45
46
46
46
46
3E
45
38
45
45
45
45
46
46
45
46
42
46
3C
46
36
46
45
46
45
46
46
45
45
40
46
3B
45
46
46
46
45
45
46
45
45
46
3E
46
39
45
45
45
45
46
46
46
46
46
46
3D
46
37
46
45
46
46
46
46
46
46
41
45
3C
45
45
45
46
46
46
45
46
46
46
40
46
3A
46
46
46
46
46
45
46
46
46
46
3E
46
38
46
45
45
46
45
46
46
46
42
45
3C
46
36
45
46
46
46
46
46
46
46
40
45
3B
46
46
46
46
46
46
46
45
46
46
3F
46
39
46
46
46
46
46
46
45
45
46
46
3D
46
37
46
46
45
45
45
46
