=~=~=~=~=~=~=~=~=~=~=~= PuTTY log 2022.03.25 14:15:03 =~=~=~=~=~=~=~=~=~=~=~=
38
45
45
45
45
3F
45
45
45
45
46
45
3A
45
45
45
46
40
45
45
45
46
45
45
3C
45
45
45
45
42
45
45
45
45
45
45
3D
45
46
45
45
45
45
38
45
45
45
45
3F
45
45
45
45
45
45
3A
45
45
45
45
40
45
45
45
45
45
46
3B
45
45
45
45
42
45
45
45
45
46
45
3D
45
45
45
45
45
45
38
46
45
45
45
3E
45
45
45
45
45
45
39
45
45
45
45
40
45
45
45
45
45
45
3B
45
45
45
45
42
45
45
46
46
45
45
3D
45
45
45
44
45
45
38
45
45
45
46
3E
45
45
45
45
45
45
39
45
45
45
45
40
45
45
45
45
45
45
3B
45
45
45
45
41
45
45
45
45
45
45
3C
45
45
45
45
45
45
38
45
45
46
46
3E
45
45
45
45
45
46
39
45
46
45
45
3F
45
45
45
45
45
45
3B
45
45
45
45
41
45
45
45
45
45
45
3C
45
45
46
45
45
45
37
45
45
46
45
3E
45
45
45
45
45
45
39
45
45
45
45
40
45
45
45
45
45
45
3B
45
45
45
45
41
45
45
46
45
45
45
3C
45
45
45
45
46
46
37
45
45
45
45
3E
46
45
45
45
44
45
39
45
45
45
45
3F
45
45
45
45
45
45
3B
45
45
45
45
41
45
45
45
45
45
45
3C
45
46
45
45
45
45
37
45
45
45
45
3E
45
45
45
45
45
45
39
44
45
45
44
3F
45
45
45
45
45
45
3A
45
45
44
45
41
46
45
45
45
44
45
3C
45
45
45
45
46
45
37
45
45
45
45
3D
45
45
46
45
45
45
38
45
45
45
45
3F
45
45
45
45
45
45
3A
45
45
45
45
41
45
45
45
45
45
45
3C
45
45
45
45
42
45
37
45
45
45
45
3D
45
45
46
45
45
45
38
45
45
45
45
3F
45
45
45
45
45
45
3A
45
45
45
45
41
45
45
45
45
45
45
3C
45
45
45
45
42
45
37
45
45
45
45
3D
45
44
45
45
45
45
38
45
45
45
45
3F
45
45
45
46
45
45
3A
45
45
45
45
41
45
44
46
45
45
45
3B
45
45
46
45
45
44
45
45
45
45
45
3D
45
46
45
44
46
45
38
43
45
45
45
3E
45
45
45
45
45
45
3A
45
45
45
45
41
45
46
44
44
46
45
3C
45
46
45
45
42
45
45
45
46
44
45
3C
46
45
45
45
46
45
37
45
45
45
45
3F
44
45
45
45
45
45
3A
45
45
45
45
40
46
45
45
46
45
45
3A
45
45
45
45
42
46
45
44
45
45
45
3D
45
45
45
45
43
45
45
45
45
45
45
3F
45
45
45
46
45
45
39
45
45
45
45
40
46
45
45
45
45
46
3B
45
44
46
45
41
45
46
45
45
45
45
3C
45
45
45
45
45
44
37
45
45
44
45
3E
45
45
45
45
45
45
39
45
46
45
46
40
45
45
45
44
45
45
3B
45
45
45
44
41
45
45
45
45
45
45
3C
45
44
45
45
46
46
37
45
45
45
45
3E
46
45
45
45
45
45
39
44
45
45
46
3F
45
45
45
45
45
45
3B
45
45
46
45
41
45
45
45
45
45
46
3C
45
46
45
45
45
45
37
45
44
46
45
3D
45
45
45
45
45
45
39
45
45
45
46
3F
45
45
45
45
45
46
3A
45
45
45
45
41
46
45
45
45
45
45
3C
44
45
45
45
46
45
37
45
45
45
45
3D
45
45
45
45
45
45
38
45
45
46
45
3F
46
45
45
45
45
45
3A
45
45
45
45
40
45
45
45
45
45
45
3C
45
45
45
45
45
45
37
45
45
45
45
3D
45
45
44
45
45
45
38
45
45
45
45
3F
45
45
45
45
45
45
3A
45
45
45
45
40
45
45
46
45
45
45
3B
45
45
46
45
42
45
45
45
45
45
45
3D
45
45
45
45
45
45
38
45
45
45
45
3E
45
45
45
45
45
45
3A
45
45
45
45
40
45
45
45
45
45
46
3B
45
44
45
45
42
45
45
45
45
45
45
3D
45
4