=~=~=~=~=~=~=~=~=~=~=~= PuTTY log 2022.03.25 14:58:07 =~=~=~=~=~=~=~=~=~=~=~=
44
42
46
44
43
42
45
43
48
46
46
45
47
43
44
49
49
44
43
49
48
42
46
46
46
42
41
44
48
45
47
44
44
47
48
46
45
46
46
49
41
45
45
43
48
43
44
45
45
48
46
49
49
48
44
48
47
47
46
44
47
46
47
45
50
38
49
48
43
48
45
45
46
45
46
45
45
45
45
46
46
45
46
45
46
46
46
46
45
48
47
47
45
46
48
44
45
47
46
46
46
46
46
46
47
45
46
46
46
45
46
47
45
45
45
47
45
47
47
45
46
46
47
46
46
47
45
44
46
45
48
45
46
46
45
46
46
46
46
44
46
45
45
46
46
47
46
45
46
47
46
46
48
47
48
45
46
45
45
45
45
46
47
45
46
46
45
45
46
46
46
46
46
46
46
47
45
47
45
47
47
47
47
45
47
45
47
49
43
44
49
39
45
43
48
49
44
46
46
45
46
41
45
46
46
48
46
46
48
46
46
48
47
47
48
46
42
48
44
44
48
46
42
46
43
48
47
45
43
49
46
46
47
46
44
48
44
44
48
46
43
47
42
46
4A
48
46
46
43
46
4A
4C
46
40
49
44
48
45
44
44
43
44
48
46
47
45
46
46
45
44
47
43
49
46
47
46
45
44
46
47
45
46
46
46
45
44
46
46
47
46
46
46
46
45
45
45
44
46
44
46
47
45
45
45
47
46
49
47
47
47
4A
44
47
44
45
44
48
46
46
47
47
47
45
45
46
45
47
47
47
45
44
46
43
45
46
44
47
45
46
47
45
48
45
46
46
46
46
47
46
46
47
49
4B
43
43
45
42
47
44
47
45
49
45
49
46
49
47
46
45
4C
45
48
48
46
45
45
47
46
45
46
48
46
46
47
47
46
47
47
47
47
46
48
44
45
43
46
46
47
46
44
47
44
49
46
46
48
45
46
46
48
45
46
46
46
48
47
47
49
48
45
46
4A
48
45
4A
47
48
44
45
40
41
43
48
42
45
43
46
43
48
46
47
48
47
48
46
47
46
45
47
49
46
46
46
47
46
47
47
48
47
43
46
45
44
44
46
46
45
46
46
46
45
46
46
47
47
45
46
46
46
47
45
46
46
46
46
47
49
47
47
45
47
46
46
46
45
44
46
43
45
44
44
44
44
47
46
45
46
44
48
45
47
47
49
46
47
44
47
46
44
45
47
44
44
43
44
46
45
44
44
45
48
46
48
47
44
46
46
45
46
47
47
46
47
44
45
45
48
47
46
46
45
47
44
46
45
46
46
45
45
45
45
46
48
46
45
45
47
46
45
43
47
47
46
47
47
4A
45
45
46
48
47
43
47
47
45
46
46
49
44
45
47
4B
47
48
4A
44
47
45
44
46
47
49
49
46
45
46
46
45
45
46
47
46
44
45
45
46
47
48
47
45
47
46
41
43
47
45
44
48
46
47
45
46
46
42
44
4B
46
42
47
4F
3B
43
4B
45
45
44
48
44
46
46
46
46
46
47
47
48
49
4B
44
46
46
48
43
45
44
3F
47
48
41
41
43
47
49
43
46
45
47
45
4A
47
48
44
47
49
48
48
45
49
4A
45
47
47
47
47
44
49
45
44
43
46
45
49
45
46
43
45
49
46
47
46
49
49
46
46
4B
47
47
45
47
48
46
45
46
48
47
48
46
49
45
43
45
47
47
46
42
45
49
49
44
49
48
44
3B
42
53
4B
49
46
47
48
47
47
47
47
44
48
46
44
45
46
47
46
45
48
45
48
47
46
48
48
48
45
48
49
48
47
49
47
48
45
48
45
47
45
45
45
46
45
47
46
49
48
47
45
45
46
47
46
45
46
49
47
48
48
48
48
45
45
46
46
44
44
47
47
45
47
46
43
45
46
47
43
42
47
45
45
48
46
46
46
43
46
48
46
4